20130702   7370340    4.7000    96.6100     10.000   6.2    0.00    0.00   1.15          1
20130702   8213320    4.8300    96.4100     26.000   4.1    0.00    0.00   0.29          2
20130702  10134810   -6.1800   105.2800     10.000   3.1    0.00    0.00   0.73          3
20130702  10414060    4.6900    96.6300     12.000   3.1    0.00    0.00   0.17          4
20130702  10533990    4.7000    96.5900     10.000   3.4    0.00    0.00   0.40          5
20130702  13554070    4.6200    96.7900     10.000   5.4    0.00    0.00   1.23          6
20130702  14200260    4.7200    96.5500     27.000   3.9    0.00    0.00   0.77          7
20130702  15144760    4.7000    96.5700     12.000   3.1    0.00    0.00   0.29          8
20130702  15175560    4.6600    96.6500     10.000   2.9    0.00    0.00   0.43          9
20130702  15282330    4.6900    96.5600     10.000   2.8    0.00    0.00   0.51         10
20130702  15364670    4.6200    96.8100     10.000   5.2    0.00    0.00   1.06         11
20130702  16012040    4.6700    96.6500     11.000   3.0    0.00    0.00   0.21         12
20130702  16104860    4.6800    96.6600     10.000   3.2    0.00    0.00   0.26         13
20130702  18083340    0.4800   100.0000    155.000   3.8    0.00    0.00   0.80         14
20130702  22131340   -5.9600   103.4700     10.000   3.8    0.00    0.00   0.87         15
20130702  23024890    1.4300    98.9500     85.000   3.5    0.00    0.00   0.79         16
20130703   3123750    4.7100    96.5700     10.000   2.8    0.00    0.00   0.17         17
20130703   3255140   -5.2500   103.8800     60.000   4.3    0.00    0.00   0.56         18
20130703  12365830   -4.4600   101.7900     10.000   3.8    0.00    0.00   0.62         19
20130703  13423390    4.7400    96.5500     14.000   3.3    0.00    0.00   0.39         20
20130704   3320060    4.7300    96.5200     12.000   3.3    0.00    0.00   0.25         21
20130704  17155250    3.1400    94.4700     10.000   4.0    0.00    0.00   0.79         22
20130704  17404390    2.3700    96.0100     18.000   4.1    0.00    0.00   1.01         23
20130704  17501750    2.6300    98.8000     10.000   2.1    0.00    0.00   0.82         24
20130704  17584810    2.6400    98.7500     10.000   3.6    0.00    0.00   0.76         25
20130704  18300350    2.6000    98.7800     10.000   3.0    0.00    0.00   0.63         26
20130704  23022450    2.6300    98.8300     10.000   2.3    0.00    0.00   0.71         27
20130704  23064880    2.6400    98.7600     10.000   3.0    0.00    0.00   0.76         28
20130704  23085410    2.6400    98.8100     10.000   3.1    0.00    0.00   0.80         29
20130704  23141880    2.5900    98.8300     10.000   2.4    0.00    0.00   0.52         30
20130705  11475670    4.7100    96.6400     10.000   3.4    0.00    0.00   0.34         31
20130705  12230330   -4.4500   101.8400     12.000   4.2    0.00    0.00   0.56         32
20130705  16543980    2.6300    98.7700     10.000   4.8    0.00    0.00   1.32         33
20130705  17114890    2.5600    98.7400     10.000   3.3    0.00    0.00   0.32         34
20130705  18485280    2.6200    98.9800     25.000   2.5    0.00    0.00   0.83         35
20130705  19414890    2.5700    98.7300     10.000   3.9    0.00    0.00   1.38         36
20130705  22443320    4.6300    96.7600     10.000   2.7    0.00    0.00   0.36         37
20130706   1552350    2.7200    98.7800     10.000   2.3    0.00    0.00   0.92         38
20130706   5050720   -3.3800   100.4100     31.000   6.1    0.00    0.00   1.64         39
20130706   9225370    4.7300    96.5700     10.000   3.3    0.00    0.00   0.34         40
20130706  10065410    2.4600    95.9400     25.000   3.8    0.00    0.00   0.57         41
20130707   4332780   -6.1100   103.7400     10.000   4.9    0.00    0.00   1.15         42
20130707  14010160    4.8400    96.1000     10.000   3.1    0.00    0.00   0.52         43
20130707  16232490   -4.3700   102.1200     11.000   3.0    0.00    0.00   0.38         44
20130707  19172490    0.7900    97.3600     31.000   4.6    0.00    0.00   0.52         45
20130708   6164830   -6.2500   106.3800     10.000   3.3    0.00    0.00   0.33         46
20130709   1053820    2.1500    96.2100     15.000   5.2    0.00    0.00   0.70         47
20130709  17041720   -3.3900   100.3800     22.000   5.4    0.00    0.00   1.42         48
20130709  17142160   -3.4000   100.2400     24.000   5.0    0.00    0.00   0.90         49
20130709  17230060   -3.3900   100.2100     37.000   4.7    0.00    0.00   0.70         50
20130709  17330730   -3.3300   100.2500     33.000   4.1    0.00    0.00   0.44         51
20130709  21055680    2.1000    96.2800     21.000   3.2    0.00    0.00   0.37         52
20130710   4264120   -3.6800   100.2300     54.000   3.6    0.00    0.00   0.43         53
20130710  15572150   -1.9900    99.2500     27.000   4.1    0.00    0.00   0.46         54
20130711   3431640    1.4100    97.8800     10.000   2.7    0.00    0.00   0.65         55
20130711   7162570    1.7900    99.1400     10.000   4.8    0.00    0.00   1.11         56
20130711   9243820    1.8100    99.1200     11.000   2.9    0.00    0.00   0.62         57
20130711  23591170    1.7100    99.1900     10.000   2.9    0.00    0.00   1.66         58
20130712    380470    0.6800    99.6800    124.000   4.0    0.00    0.00   0.81         59
20130712   5420910   -1.7400    99.4200     29.000   3.2    0.00    0.00   0.41         60
20130712   6381970    0.4600    97.9500     10.000   3.4    0.00    0.00   0.58         61
20130712  13425110    2.4700    98.7800     10.000   2.5    0.00    0.00   0.65         62
20130713    545770   -6.3100   104.7400     34.000   4.2    0.00    0.00   0.61         63
20130714   8101180    3.2100    98.4400    139.000   3.1    0.00    0.00   0.59         64
20130714  23023340   -3.1600   100.2200     30.000   4.6    0.00    0.00   0.85         65
20130715   1430210   -5.1600   102.0900     44.000   3.5    0.00    0.00   0.53         66
20130716  10264740   -5.9100   102.1700     33.000   3.8    0.00    0.00   0.39         67
20130716  11471540    4.2600    96.3700     10.000   2.7    0.00    0.00   1.01         68
20130716  19173440   -2.5800   102.3900    190.000   3.6    0.00    0.00   0.62         69
20130716  23411490    5.5200    98.0400     10.000   5.2    0.00    0.00   1.68         70
20130717   5472660   -4.9200   103.0500     36.000   3.1    0.00    0.00   0.79         71
20130717  22570950    2.1400    98.0000     49.000   4.2    0.00    0.00   0.37         72
20130718   7194290    5.4400    97.6700     95.000   3.0    0.00    0.00   0.31         73
20130718   7554380    2.4400    97.0200     22.000   3.1    0.00    0.00   0.94         74
20130718  20410320    1.8600    99.3200     14.000   2.6    0.00    0.00   0.32         75
20130719   6362260    2.4100    98.8600    138.000   4.0    0.00    0.00   1.29         76
20130719  19082430    0.2600    99.7600    119.000   2.8    0.00    0.00   0.43         77
20130719  22154630    4.7000    96.6200     11.000   4.2    0.00    0.00   0.36         78
20130720  17504120    0.2800    98.6200     30.000   4.2    0.00    0.00   1.77         79
20130721   8273040    1.0400    93.4100     10.000   4.3    0.00    0.00   1.10         80
20130722   2580680    5.3200    96.7700     10.000   2.8    0.00    0.00   0.54         81
20130722  15261390    0.8900    99.4500     10.000   3.3    0.00    0.00   0.77         82
20130722  16372330   -6.1200   103.8100     10.000   4.6    0.00    0.00   0.99         83
20130722  16442450    4.8100    96.1000     10.000   3.5    0.00    0.00   0.68         84
20130723   5255830   -4.5100   102.5700     29.000   4.3    0.00    0.00   0.43         85
20130723  15451610   -4.7500   102.5900     30.000   4.4    0.00    0.00   1.34         86
20130724   8210990    2.2200    97.5000     10.000   4.0    0.00    0.00   0.78         87
20130724  19230310    2.1200    96.0900     12.000   3.4    0.00    0.00   0.45         88
20130724  21392350   -3.5200   101.5400     54.000   5.1    0.00    0.00   1.22         89
20130726  14362080   -0.4800    99.1200     49.000   4.9    0.00    0.00   0.63         90
20130726  17390060   -6.2200    99.3100     21.000   4.8    0.00    0.00   0.38         91
20130726  21065310   -6.1500   104.1000     10.000   3.5    0.00    0.00   0.50         92
20130727  14390510   -6.3000   105.5100     12.000   3.6    0.00    0.00   0.24         93
20130727  15182460   -6.3300   105.4500     10.000   4.0    0.00    0.00   0.39         94
20130727  18463340   -6.3000   105.4800     10.000   3.8    0.00    0.00   0.74         95
20130728   5002850   -1.3300   100.7200     79.000   3.0    0.00    0.00   0.80         96
20130729   1433920    4.7700    95.1100     12.000   4.6    0.00    0.00   1.37         97
20130729  16204060    3.2300    96.3300     10.000   3.2    0.00    0.00   0.43         98
20130729  23202260   -3.6600   102.0400     95.000   3.8    0.00    0.00   0.66         99
20130731   8262510   -4.6900   102.0200     17.000   3.6    0.00    0.00   0.50        100
20130801  13294520   -2.7700   102.2900    141.000   3.4    0.00    0.00   0.68        101
20130801  18255670    4.7400    96.5900     10.000   2.8    0.00    0.00   0.67        102
20130801  18350930   -3.4000   101.4800     29.000   3.6    0.00    0.00   0.39        103
